$ANSIBLE_VAULT;1.1;AES256
39626330643431626362316166633166303763346438353739653232353838313238353230333135
3065376164333166383564306135316266366365363632390a333464343931383735643636313736
34663130323261363835616661366138643638313564306566356664616430613537363538373934
6230373666653630640a313939633162636533366531626538393861663839663837613263363632
35626535613064643164616534653762386338356133633862626131336237623137656161363564
39336339353534656432393563636132383736383337313835326230323165336630303531616533
37666539376339393430646561613662666365636436643065323261663763396639373436616639
66656237313836326661633735303034376133353239633935336465656532656564376637323138
34653162353864616437306438346533376361376531343437383035643137376663633061333365
61343563633433373434656632383739643935393566343865336333353561653237323964633530
38356433303865363866666235393935336163336238373862373362323764663262656239356630
33363338393164363431613737316562363335376431363731373932356365613538613465303832
62326237613636663562303966323638623839373036366230346630363363613261623261653862
30313730393037633364343037626439663431306662633731653565373631356338373035626464
33653835636665393037326533396164356561643830633533326562363064636364333234373937
36623331356530353938396337303266303065323565393765633634346333643666386636323366
33316237663563623166643837613037663438383330316565336239383763373262353436643964
61633434376462343738623830313766633365303538313137313637613934336438343533613435
64383338373538396135396438303530303634636434616132386166366632663030343463616632
33383238316666633034353963393263613233376463656133346264616639633934376135393461
30383232323139653635373132366361646132333930373664623163346139353434386537303833
62616437353733623833316330343237386230646332653539353065393231306135396638623364
61396230366538396133363634386633623234333938353739613431366238313663616631306166
35636166363964636439393338346665313732333735636161373162613931386261653233343962
66616365366336313861656630303535633531303434303839643661383035336165336330616236
62303461313532393830303439333365303930313663653864653439373864623232333237643839
66396134633436643036303762393437303232306665373934646431623066653231316231333563
63303931643730663761666566613262653636386638633262646534346161366464663563316535
38626238313863653638656537363437666536353462336465636533613264373466623465656161
30616534663032316564383439613033653430383731343064353463636266323963666564393336
33386666383634333839626136363031373533353665653964666131636232616230633934373065
36396332383538376266
